# graph type
t d

# Node data points
N
[0, 6, 9, 11, 3, 4, 5, -1]
[2, 8, 10, 12, 3, 4, 5, -1]

# External Flows
B
[8.0, 0.0, 0.0, 0.0, 0.0, 0.0, 0.0, -8.0]

# Adjacency matrix
A
[1, 1, 1, 5, 6, 7, 2, 2, 2, 3, 3, 4, 4]
[2, 4, 3, 8, 8, 8, 5, 6, 7, 5, 7, 5, 6]
[1, 2, 0, 0, 0, 0, 7, 8, 0, 10, 0, 12, 0]

# graph elements: cost, capacity, flow
c
[0.0, 0.0, 0.0, 0.0, 0.0, 0.0, 0.0, 1.0, 3.0, 1.0, 3.0, 3.0, 3.0]
u
[1.0, 5.0, 3.0, 2.0, 2.0, 5.0, inf, inf, inf, inf, inf, inf, inf]
f
[1.0, 4.0, 3.0, 2.0, 2.0, 4.0, 0.0, 0.0, 1.0, 0.0, 3.0, 2.0, 2.0]

# coordinates for draw
x
[133.39620038394557, 295.9457314267928, 283.76180297880967, 308.80910762408695, 536.93897522913937, 537.0, 511.0, 717.0]
[175.56308714597583, 78.290821041015931, 192.77348651094758, 315.30558682822289, 74.495877331775546, 191.0, 314.0, 190.0]
