# graph type
t u

# Node data points
N
[0, 3, 5, 7, 9, -1, 11, 13]
[2, 4, 6, 8, 10, -1, 12, 13]

# External Flows
B
[10.0, 0.0, 0.0, 0.0, 0.0, -10.0, 0.0, 0.0]

# Adjacency matrix
A
[1, 1, 1, 2, 2, 3, 3, 4, 4, 5, 5, 7, 7, 8]
[2, 3, 4, 4, 5, 4, 7, 6, 7, 4, 6, 6, 8, 6]
[1, 2, 0, 4, 0, 6, 0, 8, 0, 10, 0, 12, 0, 0]

# graph elements: cost, capacity, flow
c
[1.0, 1.0, 1.0, 2.0, 2.0, 3.0, 3.0, 4.0, 4.0, 5.0, 5.0, 0.0, 0.0, 0.0]
u
[8.0, 9.0, 9.0, 4.0, 5.0, 4.0, 7.0, 6.0, 7.0, 4.0, 6.0, 6.0, 4.0, 8.0]
f
[0.0, 0.0, 0.0, 0.0, 0.0, 0.0, 0.0, 0.0, 0.0, 0.0, 0.0, 0.0, 0.0, 0.0]

# coordinates for draw
x
[58.0, 216.0, 186.0, 383.0, 436.0, 709.0, 328.0, 623.0]
[144.0, 54.0, 242.0, 181.0, 54.0, 145.0, 340.0, 321.0]
