# graph type
t d

# Node data points
N
[0, 3, 4, 5, 7, 8, -1, 10]
[2, 3, 4, 6, 7, 9, -1, 10]

# External Flows
B
[1, 0, 0, 0, 0, 0, 0, -1]

# Adjacency matrix
A
[1, 1, 1, 2, 3, 4, 4, 5, 6, 6, 8]
[2, 3, 6, 5, 4, 5, 8, 8, 7, 3, 7]
[1, 2, 0, 0, 0, 6, 0, 0, 9, 0, 0]

# graph elements: cost, capacity, flow
c
[0.48164898551598156, 5.6130260103743872, 0.47998636401554151, -4.1389555158375586, -5.6584975732362945, 5.7591095855696199, 0.0, 4.3780218639549808, 1.1414248282640074, 0.0, -0.20029742855190058]
u
[6.2757189607710764, 12.47420017344986, 19.488074431574798, 3.6792948120874569, 2.0265064167661184, 18.157805522731248, 5.0, 6.9105722353210961, 24.448809306949826, 0.0, 4.5783899021980199]

# coordinates for draw
x
[129.20980278475778, 399.91834132325931, 266.81632041610419, 533.14193732322701, 670.79197141871805, 129.24196838210469, 400.1028950775414, 670.77029232123175]
[97.154312582932164, 57.24289249833685, 200.05378248134531, 199.89196693171078, 97.115304590677056, 302.9212012568027, 342.75121655747211, 302.85065641850883]
